[25 25  1  1  1  1  1  1 25 25  1 25 25  1  1  1  1 25  1 25 25 20  1 25
  1  1  1  1  1 25  1 20 20 20 20 20 20 20  0  5  5 20  5 17  0  0  1 24
 24  9 24  1  1 28 28 12 20 20 20 20 10 10 10  0 18  3  3  3 22  3 21 22
 18 27 27  1  1 27 27 27 15 15 15 28 22 27 21 27 27 15  2  2 21  2  2  2
  2  1 27 17 15 15  8  0  0  8 27 27 27 27 21  6  3 11 21 21 27 28  0 27
 22 27 27 27 27 27 15  1 18 27 27 27  3  0 28 15 27  9 28  2 18 27 22 22
 22 22 17 15 22 18 18 22 15 28 22 20 16 28  5 25  8 15 22 21 22 22 27 27
 27 27 28 16 16 27  3 15 16 16  3 28 17 18  2 15 15 28 28  2  2  2 28  2
 28  7 28 28 28 28 28 15 18  7  7  7 26 26  2  2 26 26 26  2  2  2  2 26
  2  2 17  2 17 20  2  2  2  2  2  2  2  2  2  2  2  2]
[ 0  0  1  1  1  1  1  1  0  0  0  0  0  1  1  1  1  0  0  0  0  0  0  0
  1  1  1  1  1  0  0 20 20 20 20 20 20 20  0  0  0  0  0  0  0  0  0  0
  0  0  0  0  0  0  0  0 20 20 20 20  0  0  0  0  0  0  0  0  0  0  0  0
  0  0  0  0  0  0  0  0  0  0  0  0  0  0  0  0  0  0  0  0  0  2  2  2
  2  0  0  0  0  0  0  0  0  0 27 27 27 27  0  0  0  0  0  0  0  0  0  0
  0 27 27 27 27 27  0  0  0  0  0  0  0  0  0  0  0  0  0  0  0  0 22 22
 22 22  0  0  0  0  0  0  0  0  0  0  0  0  0  0  0  0  0  0  0  0 27 27
 27 27  0  0  0  0  0  0  0  0  0  0  0  0  0  0  0  0  0  0  0  0  0  0
  0  0 28 28 28 28 28  0  0  0  0  0  0  0  0  0  0  0  0  2  2  2  2  0
  0  0  0  0  0  0  2  2  2  2  2  2  2  2  2  2  2  2]
1 [{'word': 'go', 'start': 0, 'end': 31}, {'word': 'children', 'start': 31, 'end': 93}, {'word': 'have', 'start': 93, 'end': 106}, {'word': 'spring', 'start': 106, 'end': 142}, {'word': 'beat', 'start': 142, 'end': 166}, {'word': 'spring', 'start': 166, 'end': 194}, {'word': 'about', 'start': 194, 'end': 211}, {'word': 'have', 'start': 211, 'end': 233}]
[15 15 15 15 15  1 15  1 13 13 13  2  2  2  0  6 18 18 18 18 18  2 25  1
  0 12  1  1  1 19  1  1 19  1  0  1  1  0 10 10 10  9  0  9 10  4]
[15 15 15 15 15  0  0  0  0  0  0  0  0  0  0  0 18 18 18 18 18  0  0  0
  0  0  0  0  0  0  0  0  0  0  0  0  0  0  0  0  0  0  0  0  0  4]
1 [{'word': 'number', 'start': 0, 'end': 16}, {'word': 'when', 'start': 16, 'end': 45}]
[11 13 13  9 13  9  9  0 20 20  0 16 25  0  1  1 26 13 16 11 10 20  0  0
 14 27  0 27 22  0 28 28 24 12 10  4  4 16 11 13 19 19 19 20 20  0  4  7]
[0 0 0 0 0 0 0 0 0 0 0 0 0 0 0 0 0 0 0 0 0 0 0 0 0 0 0 0 0 0 0 0 0 0 0 0 0
 0 0 0 0 0 0 0 0 0 0 7]
1 [{'word': 'alright', 'start': 0, 'end': 47}]
[ 8 27 18 28 28 28 20  0  0 29 29 27 29  8 15  7  7  7 15  7  8  8  0  2
  8  7  7  5  8 27 10 10 25  4  6  6  4 20 20 20]
[ 0  0  0  0  0  0  0  0  0  0  0  0  0  0  0  0  0  0  0  0  0  0  0  0
  0  0  0  0  0  0  0  0  0  0  0  0  0 20 20 20]
1 [{'word': 'children', 'start': 0, 'end': 39}]
[23 23 10 23 11 11 11 11 11 11 11 11 11 11 11 11 11 11 11 11 11 11 11 11
 11 11 11 11 11 11 11 11 11 26 26 11 26 26 26]
[ 0  0  0  0 11 11 11 11 11 11 11 11 11 11 11 11 11 11 11 11 11 11 11 11
 11 11 11 11 11 11 11 11 11  0  0  0 26 26 26]
1 [{'word': 'one', 'start': 0, 'end': 36}, {'word': 'winter', 'start': 36, 'end': 38}]
[ 4  4 14  2 13  2 14  0  4 13 29 29 29 16 17 25  4 16 20 20 13 13  2 13
  9 13 19 24  7  0 12 14  0 21 21 21 11 11 26 11  2 11 11 25  8 16  9  9
 13 20 13 20 20 13 20 13 13 13 13 13]
[ 0  0  0  0  0  0  0  0  0  0  0  0  0  0  0  0  0  0  0  0  0  0  0  0
  0  0  0  0  0  0  0  0  0  0  0  0  0  0  0  0  0  0  0  0  0  0  0  0
  0  0  0  0  0  0  0 13 13 13 13 13]
1 [{'word': 'i', 'start': 0, 'end': 59}]
[ 8  8  8  8  8  8  8  8  8  8  8  8  8  8  8  8  8  8  8  8  8  8  8 27
  8  5 23 17 17  0  0  2  9  9  9 25 25 25 25 25 25  9  5  8 23  8  9 25
  9  9 25  9  9 14 17 10 22 23 22 16  8 22 22 13 25]
[ 8  8  8  8  8  8  8  8  8  8  8  8  8  8  8  8  8  8  8  8  8  8  8  0
  0  0  0  0  0  0  0  0  0  0  0 25 25 25 25 25 25  0  0  0  0  0  0  0
  0  0  0  0  0  0  0  0  0  0  0  0  0  0  0  0 25]
1 [{'word': 'but', 'start': 0, 'end': 35}, {'word': 'laugh', 'start': 35, 'end': 64}]
[ 1  1  1  1  1  1  1  1  0  0  1 25 25  1  1  1  1 25  1  1  0 20 12 12
  1  1  1  1  1  1  1 20 20 20 20 20 20  0 25  5  5 20 16 16  0  0  1 24
 24  9 24  1  1 28 28 20 20 20 20 20 10 10 10 10 18  3  3  3 22  3  0 22
  5 27 11  1  0 15 15 27 15 15 15 28 22 27 21  5 20 15  2  2  2  2  2  2
  2  1 27 27  8 15  8  0  8  8 27 27 27 27 26  6  3 11 21 21 15 28 11 15
 21 27 27 27 11 27 27  1  1 27 28 28  8  0 18 15 27  9 28  2 18 27  3 22
  3  3 22 22 22  8 18 22 15 22 15 20 16  3 10  4  8 22 22 21 19 25 11 27
 27 27 28  3  3  0  3 15 28 16  3 28 17 28  2 15 15  2  2  2  2  2  2  2
  8  7 28 28 28  0  0 15 18  7  7  7 26 26  2  2 26 26 26  7  7  2 26  2
  2  2  7  2 17  2 26 26 26 26 26  7  2  2  2  2  2  2]
[ 1  1  1  1  1  1  1  1  0  0  0  0  0  1  1  1  1  0  0  0  0  0  0  0
  1  1  1  1  1  1  1 20 20 20 20 20 20  0  0  0  0  0  0  0  0  0  0  0
  0  0  0  0  0  0  0 20 20 20 20 20 10 10 10 10  0  0  0  0  0  0  0  0
  0  0  0  0  0  0  0  0  0  0  0  0  0  0  0  0  0  0  2  2  2  2  2  2
  2  0  0  0  0  0  0  0  0  0 27 27 27 27  0  0  0  0  0  0  0  0  0  0
  0  0  0  0  0  0  0  0  0  0  0  0  0  0  0  0  0  0  0  0  0  0  0  0
  0  0  0  0  0  0  0  0  0  0  0  0  0  0  0  0  0  0  0  0  0  0  0  0
  0  0  0  0  0  0  0  0  0  0  0  0  0  0  0  0  0  2  2  2  2  2  2  2
  0  0  0  0  0  0  0  0  0  0  0  0  0  0  0  0  0  0  0  0  0  0  0  0
  0  0  0  0  0  0 26 26 26 26 26  0  2  2  2  2  2  2]
6 [{'word': 'go', 'start': 0, 'end': 31}, {'word': 'children', 'start': 31, 'end': 60}, {'word': 'home', 'start': 60, 'end': 90}, {'word': 'have', 'start': 90, 'end': 106}, {'word': 'spring', 'start': 106, 'end': 185}, {'word': 'have', 'start': 185, 'end': 222}, {'word': 'winter', 'start': 222, 'end': 228}, {'word': 'have', 'start': 228, 'end': 233}]
[ 5  5 15  1  1  1 10  1 10 10 13  2  2  2  0 27 18 19 13 18 18  6 25  1
  0 15  1  1  1 19  1  1 19  1 23  1  1  1 10 10 10  9  0 16 10 16]
[ 0  0  0  0  0  0  0  0  0  0  0  0  0  0  0  0  0  0  0  0  0  0  0  0
  0  0  0  0  0  0  0  0  0  0  0  0  0  0  0  0  0  0  0  0  0 16]
6 [{'word': 'always', 'start': 0, 'end': 45}]
[11 13 13  9 13  9  9  0 20  5 29 25 25  1  1  1 26 16 26 11 10  9  9 10
 14 27 24 27 22 24 28 28  0 12 10 18  0 16 11 18 19 19 19 20 20  0  4  7]
[0 0 0 0 0 0 0 0 0 0 0 0 0 0 0 0 0 0 0 0 0 0 0 0 0 0 0 0 0 0 0 0 0 0 0 0 0
 0 0 0 0 0 0 0 0 0 0 7]
6 [{'word': 'alright', 'start': 0, 'end': 47}]
[ 8 27 18 28 28 27 29  0  0  1  1 27 28  1  7  7  7  7  7  7 28 28 14  2
  8  7 22 14  8 27 10 10 25  4  6  6  4 20 20 20]
[ 0  0  0  0  0  0  0  0  0  0  0  0  0  0  7  7  7  7  7  7  0  0  0  0
  0  0  0  0  0  0  0  0  0  0  0  0  0 20 20 20]
6 [{'word': 'alright', 'start': 0, 'end': 37}, {'word': 'children', 'start': 37, 'end': 39}]
[23 23 10 23  0 11 11 11 11 11 11 11 11 11 11 11 11 11 11 11 11 11 11 11
 11 11 11 11 11 11 11 11 11 11 26 11 26 26 26]
[ 0  0  0  0  0 11 11 11 11 11 11 11 11 11 11 11 11 11 11 11 11 11 11 11
 11 11 11 11 11 11 11 11 11 11  0  0 26 26 26]
6 [{'word': 'one', 'start': 0, 'end': 36}, {'word': 'winter', 'start': 36, 'end': 38}]
[ 4  4 14  1 13  2 19  7  4 13 21 29 29 16  4  4  4 16 20 20 13 13 13  0
  9 14 14 14  7 20 12 14 17 17 21 21 11 26 26 11  2 11 16 16 27 16  9  9
 26 20 20 20 20 20 20 20 20 20 20 20]
[ 0  0  0  0  0  0  0  0  0  0  0  0  0  0  0  0  0  0  0  0  0  0  0  0
  0  0  0  0  0  0  0  0  0  0  0  0  0  0  0  0  0  0  0  0  0  0  0  0
  0 20 20 20 20 20 20 20 20 20 20 20]
6 [{'word': 'children', 'start': 0, 'end': 59}]
[ 8  8  8  8  8  8  8  8  8  8  8  8  8  8  8  8  8  8  8  8  8  8  8  8
  8  5 23 17 23 24 29 28  7  9  9  9 25 25 25 25  9  9  5  8 23  9  9  9
  9  9  9  9  9 14 17 20 22 23 22 22 16 22 22  0 25]
[ 8  8  8  8  8  8  8  8  8  8  8  8  8  8  8  8  8  8  8  8  8  8  8  8
  8  0  0  0  0  0  0  0  0  0  0  0 25 25 25 25  0  0  0  0  0  9  9  9
  9  9  9  9  9  0  0  0  0  0  0  0  0  0  0  0 25]
6 [{'word': 'but', 'start': 0, 'end': 36}, {'word': 'laugh', 'start': 36, 'end': 45}, {'word': 'good', 'start': 45, 'end': 64}]
[ 1  1  1  1  1  1  1  1  0  0  1 25 25  1  1  1  1 25  1  1  0 20 12 12
  1  1  1  1  1  1  1 20 20 20 20 20 20  0 25  5  5 20 16 16  0  0  1 24
 24  9 24  1  1 28 28 20 20 20 20 20 10 10 10 10 18  3  3  3 22  3  3 22
  5 27 13  1  0 15 15 27 15 15 15 28 22 27 21  5 20 15  2  2  2  2  2  2
  2  1 27 27  8 15  8  0  8  8  8 27 27 27 26  6  3 13 21 21 27  0  7 27
 21 27 27 27 11 27 27  1  1 27 27 28  3  0 18 15 27  9 28  2 18 27  3 22
  3  3 22 22 22  8 28 22 15 22 15 20 28  3 10 25  8 22 22 21 19 27 11 27
 27 27 28  3  3  0  3 15 28 16  3 28  3 28  2  2 15  2  2  2  2  2  2  2
  8  7 28 28 28 28 28 15 18  7  7  7 26 26  2  2 26 26 26  7  7  2 26  2
  2  2  7  2  7  2 26 26 26 26 26  7  2  2  2  2  2  2]
[ 1  1  1  1  1  1  1  1  0  0  0  0  0  1  1  1  1  0  0  0  0  0  0  0
  1  1  1  1  1  1  1 20 20 20 20 20 20  0  0  0  0  0  0  0  0  0  0  0
  0  0  0  0  0  0  0 20 20 20 20 20 10 10 10 10  0  0  0  0  0  0  0  0
  0  0  0  0  0  0  0  0  0  0  0  0  0  0  0  0  0  0  2  2  2  2  2  2
  2  0  0  0  0  0  0  0  0  0  0  0  0  0  0  0  0  0  0  0  0  0  0  0
  0  0  0  0  0  0  0  0  0  0  0  0  0  0  0  0  0  0  0  0  0  0  0  0
  0  0  0  0  0  0  0  0  0  0  0  0  0  0  0  0  0  0  0  0  0  0  0  0
  0  0  0  0  0  0  0  0  0  0  0  0  0  0  0  0  0  2  2  2  2  2  2  2
  0  0 28 28 28 28 28  0  0  0  0  0  0  0  0  0  0  0  0  0  0  0  0  0
  0  0  0  0  0  0 26 26 26 26 26  0  2  2  2  2  2  2]
11 [{'word': 'go', 'start': 0, 'end': 31}, {'word': 'children', 'start': 31, 'end': 60}, {'word': 'home', 'start': 60, 'end': 90}, {'word': 'have', 'start': 90, 'end': 194}, {'word': 'about', 'start': 194, 'end': 222}, {'word': 'winter', 'start': 222, 'end': 228}, {'word': 'have', 'start': 228, 'end': 233}]
[ 1  0 15 15  1  1  1  1 10 10 13  2  2  2  0 19 13 19 13 18 18  6 25  1
  0 15  1  1  1 19  1  1 19  1  1  1  1  1 10 10 10  9  0  0 10 16]
[ 0  0  0  0  1  1  1  1  0  0  0  0  0  0  0  0  0  0  0  0  0  0  0  0
  0  0  0  0  0  0  0  0  0  1  1  1  1  1  0  0  0  0  0  0  0 16]
11 [{'word': 'go', 'start': 0, 'end': 45}]
[11 13 13  9 13  9  9  0 20  5 29 25 25  1  1  1 26 26 26 11 10  9  9  9
 14 27 24 27 22 24 14 28 28 15 10 18  0 16 11 18 19 19 19 20 20 13  4  7]
[0 0 0 0 0 0 0 0 0 0 0 0 0 0 0 0 0 0 0 0 0 0 0 0 0 0 0 0 0 0 0 0 0 0 0 0 0
 0 0 0 0 0 0 0 0 0 0 7]
11 [{'word': 'alright', 'start': 0, 'end': 47}]
[ 8 27 18 28 28 27 18  0 15 15  1 27 15  0 15  7  7  7  7  7 28 15 14  2
  8  7 22 14  8 27 10 10 25  4  6  6  4 20 20 20]
[ 0  0  0  0  0  0  0  0  0  0  0  0  0  0  0  7  7  7  7  7  0  0  0  0
  0  0  0  0  0  0  0  0  0  0  0  0  0 20 20 20]
11 [{'word': 'alright', 'start': 0, 'end': 37}, {'word': 'children', 'start': 37, 'end': 39}]
[23 23 10 23  0 11 11 11 11 11 11 11 11 11 11 11 11 11 11 11 11 11 11 11
 11 11 11 11 11 11 11 11 11 11 26 11 11 26 26]
[ 0  0  0  0  0 11 11 11 11 11 11 11 11 11 11 11 11 11 11 11 11 11 11 11
 11 11 11 11 11 11 11 11 11 11  0  0  0 26 26]
11 [{'word': 'one', 'start': 0, 'end': 37}, {'word': 'winter', 'start': 37, 'end': 38}]
[ 4  4 14  1 13  2  0  6  4 13 21 29 29 16  4  4  4 16 20  0 13 13 13 13
  9 14 14 14  7 20 12 14 26 17 21 21 11 26 26 11  2 11 16 16 27 16  9  9
 26 20 20 20 20 20 20 20 20 20 20 20]
[ 0  0  0  0  0  0  0  0  0  0  0  0  0  0  0  0  0  0  0  0 13 13 13 13
  0  0  0  0  0  0  0  0  0  0  0  0  0  0  0  0  0  0  0  0  0  0  0  0
  0 20 20 20 20 20 20 20 20 20 20 20]
11 [{'word': 'i', 'start': 0, 'end': 49}, {'word': 'children', 'start': 49, 'end': 59}]
[ 8  8  8  8  8  8  8  8  8  8  8  8  8  8  8  8  8  8  8  8  8  8  8  8
  8  5 23 17 23 24 29 28  7  9  9 25 25 25 25 25  9  9 25  8 23  9  9  9
  9  9  9  9  9 14 24 22 22 23 22 16 16 22 22 25 25]
[ 8  8  8  8  8  8  8  8  8  8  8  8  8  8  8  8  8  8  8  8  8  8  8  8
  8  0  0  0  0  0  0  0  0  0  0 25 25 25 25 25  0  0  0  0  0  9  9  9
  9  9  9  9  9  0  0  0  0  0  0  0  0  0  0 25 25]
11 [{'word': 'but', 'start': 0, 'end': 35}, {'word': 'laugh', 'start': 35, 'end': 45}, {'word': 'good', 'start': 45, 'end': 63}, {'word': 'laugh', 'start': 63, 'end': 64}]
[ 1  1  1  1  1  1  1  1  0  0  1 25 25  1  1  1  1 25  1  1  0 20 12 12
  1  1  1  1  1  1  1 20 20 20 20 20 20  0 25  5  5 20 16 16  0  0  1 24
 24  9 24  1  1 28 28 20 20 20 20 20 10 10 10 10 18  3  3  3 22  3  3 22
  5 27 13  1  0 15 15 27 15 15 15 28 22 27 21  5 20 15  2  2  2  2  2  2
  2  1 27 27  8 15  8  0  8  8  8 27 27 27 26  6  3 11 21 21 27  0  7 27
 21 27 27 27 11 27 27  1  1 27 27 28  3  0 18 15 27  9 28  2 18 27  3 22
  3  3 22 22 22  8 28 22 15 22 15 20 28  3 10 25  8 22 22 21 19 27 11 27
 27 27 28  3  3  0  3 15 28 16  3 28  3 28  2  2 15  2  2  2  2  2  2  2
  8  7 28 28 28 28 28 15 18  7  7  7 26 26  2  2 26 26 26  7  7  2 26  2
  2  2  7  2  7  2 26 26 26 26 26  7  2  2  2  2  2  2]
[ 1  1  1  1  1  1  1  1  0  0  0  0  0  1  1  1  1  0  0  0  0  0  0  0
  1  1  1  1  1  1  1 20 20 20 20 20 20  0  0  0  0  0  0  0  0  0  0  0
  0  0  0  0  0  0  0 20 20 20 20 20 10 10 10 10  0  0  0  0  0  0  0  0
  0  0  0  0  0  0  0  0  0  0  0  0  0  0  0  0  0  0  2  2  2  2  2  2
  2  0  0  0  0  0  0  0  0  0  0  0  0  0  0  0  0  0  0  0  0  0  0  0
  0  0  0  0  0  0  0  0  0  0  0  0  0  0  0  0  0  0  0  0  0  0  0  0
  0  0  0  0  0  0  0  0  0  0  0  0  0  0  0  0  0  0  0  0  0  0  0  0
  0  0  0  0  0  0  0  0  0  0  0  0  0  0  0  0  0  2  2  2  2  2  2  2
  0  0 28 28 28 28 28  0  0  0  0  0  0  0  0  0  0  0  0  0  0  0  0  0
  0  0  0  0  0  0 26 26 26 26 26  0  2  2  2  2  2  2]
16 [{'word': 'go', 'start': 0, 'end': 31}, {'word': 'children', 'start': 31, 'end': 60}, {'word': 'home', 'start': 60, 'end': 90}, {'word': 'have', 'start': 90, 'end': 194}, {'word': 'about', 'start': 194, 'end': 222}, {'word': 'winter', 'start': 222, 'end': 228}, {'word': 'have', 'start': 228, 'end': 233}]
[ 1  0 15 15  1  1  1  1 10 10 13  2  2  2  0 19 13 19 13 18 18  6 25  1
  0 15  1  1  1 19  1  1 19  1  1  1  1  1 10 10 10  9  0  0 10 16]
[ 0  0  0  0  1  1  1  1  0  0  0  0  0  0  0  0  0  0  0  0  0  0  0  0
  0  0  0  0  0  0  0  0  0  1  1  1  1  1  0  0  0  0  0  0  0 16]
16 [{'word': 'go', 'start': 0, 'end': 45}]
[11 13 13  9 13  9  9  0 20  5 29 25 25  1  1  1 26 26 26 11 10  9  9  9
 14 27 24 27 22 24 14 28 28 15 10 18  0 16 11 18 19 19 19 20 20 13  4  7]
[0 0 0 0 0 0 0 0 0 0 0 0 0 0 0 0 0 0 0 0 0 0 0 0 0 0 0 0 0 0 0 0 0 0 0 0 0
 0 0 0 0 0 0 0 0 0 0 7]
16 [{'word': 'alright', 'start': 0, 'end': 47}]
[ 8 27 18 28 28 27 18  0 15 15  1 28 15  0 15  7  7  7  7  7 28 15 14  2
  8  7 22 14  8 27 10 10 25  4  6  6  4 20 20 20]
[ 0  0  0  0  0  0  0  0  0  0  0  0  0  0  0  7  7  7  7  7  0  0  0  0
  0  0  0  0  0  0  0  0  0  0  0  0  0 20 20 20]
16 [{'word': 'alright', 'start': 0, 'end': 37}, {'word': 'children', 'start': 37, 'end': 39}]
[23 23 10 23  0 11 11 11 11 11 11 11 11 11 11 11 11 11 11 11 11 11 11 11
 11 11 11 11 11 11 11 11 11 11 26 11 11 26 26]
[ 0  0  0  0  0 11 11 11 11 11 11 11 11 11 11 11 11 11 11 11 11 11 11 11
 11 11 11 11 11 11 11 11 11 11  0  0  0 26 26]
16 [{'word': 'one', 'start': 0, 'end': 37}, {'word': 'winter', 'start': 37, 'end': 38}]
[ 4  4 14  1 13  2  0  6  4 13 21 29 29 16  4  4  4 16 20  0 13 13 13 13
  9 14 14 14  7 20 12 14 26 17 21 21 11 26 26 11  2 11 16 16 27 16  9  9
 26 20 20 20 20 20 20 20 20 20 20 20]
[ 0  0  0  0  0  0  0  0  0  0  0  0  0  0  0  0  0  0  0  0 13 13 13 13
  0  0  0  0  0  0  0  0  0  0  0  0  0  0  0  0  0  0  0  0  0  0  0  0
  0 20 20 20 20 20 20 20 20 20 20 20]
16 [{'word': 'i', 'start': 0, 'end': 49}, {'word': 'children', 'start': 49, 'end': 59}]
[ 8  8  8  8  8  8  8  8  8  8  8  8  8  8  8  8  8  8  8  8  8  8  8  8
  8  5 23 17 23 24 29 28  7  9  9 25 25 25 25 25  9  9 25  8 23  9  9  9
  9  9  9  9  9 14 24 22 22 23 22 16 16 22 22 25 25]
[ 8  8  8  8  8  8  8  8  8  8  8  8  8  8  8  8  8  8  8  8  8  8  8  8
  8  0  0  0  0  0  0  0  0  0  0 25 25 25 25 25  0  0  0  0  0  9  9  9
  9  9  9  9  9  0  0  0  0  0  0  0  0  0  0 25 25]
16 [{'word': 'but', 'start': 0, 'end': 35}, {'word': 'laugh', 'start': 35, 'end': 45}, {'word': 'good', 'start': 45, 'end': 63}, {'word': 'laugh', 'start': 63, 'end': 64}]
[ 1  1  1  1  1  1  1  1  0  0  1 25 25  1  1  1  1 25  1  1  0 20 12 12
  1  1  1  1  1  1  1 20 20 20 20 20 20  0 25  5  5 20 16 16  0  0  1 24
 24  9 24  1  1 28 28 20 20 20 20 20 10 10 10 10 18  3  3  3 22  3  3 22
  5 27 13  1  0 15 15 27 15 15 15 28 22 27 21  5 20 15  2  2  2  2  2  2
  2  1 27 27  8 15  8  0  8  8  8 27 27 27 26  6  3 13 21 21 27  0  7 27
 21 27 27 27 11 27 27  1  1 27 27 28  3  0 18 15 27  9 28  2 18 27  3 22
  3  3 22 22 22  8 28 22 15 22 15 20 28  3 10 25  8 22 22 21 19 27 11 27
 27 27 28  3  3  0  3 15 28 16  3 28  3 28  2  2 15  2  2  2  2  2  2  2
  8  7 28 28 28 28 28 15 18  7  7  7 26 26  2  2 26 26 26  7  7  2 26  2
  2  2  7  2  7  2 26 26 26 26 26  7  2  2  2  2  2  2]
[ 1  1  1  1  1  1  1  1  0  0  0  0  0  1  1  1  1  0  0  0  0  0  0  0
  1  1  1  1  1  1  1 20 20 20 20 20 20  0  0  0  0  0  0  0  0  0  0  0
  0  0  0  0  0  0  0 20 20 20 20 20 10 10 10 10  0  0  0  0  0  0  0  0
  0  0  0  0  0  0  0  0  0  0  0  0  0  0  0  0  0  0  2  2  2  2  2  2
  2  0  0  0  0  0  0  0  0  0  0  0  0  0  0  0  0  0  0  0  0  0  0  0
  0  0  0  0  0  0  0  0  0  0  0  0  0  0  0  0  0  0  0  0  0  0  0  0
  0  0  0  0  0  0  0  0  0  0  0  0  0  0  0  0  0  0  0  0  0  0  0  0
  0  0  0  0  0  0  0  0  0  0  0  0  0  0  0  0  0  2  2  2  2  2  2  2
  0  0 28 28 28 28 28  0  0  0  0  0  0  0  0  0  0  0  0  0  0  0  0  0
  0  0  0  0  0  0 26 26 26 26 26  0  2  2  2  2  2  2]
21 [{'word': 'go', 'start': 0, 'end': 31}, {'word': 'children', 'start': 31, 'end': 60}, {'word': 'home', 'start': 60, 'end': 90}, {'word': 'have', 'start': 90, 'end': 194}, {'word': 'about', 'start': 194, 'end': 222}, {'word': 'winter', 'start': 222, 'end': 228}, {'word': 'have', 'start': 228, 'end': 233}]
[ 1  0 15 15  1  1  1  1 10 10 13  2  2  2  0 19 13 19 13 18 18  6 25  1
  0 15  1  1  1 19  1  1 19  1  1  1  1  1 10 10 10  9  0  0 10 16]
[ 0  0  0  0  1  1  1  1  0  0  0  0  0  0  0  0  0  0  0  0  0  0  0  0
  0  0  0  0  0  0  0  0  0  1  1  1  1  1  0  0  0  0  0  0  0 16]
21 [{'word': 'go', 'start': 0, 'end': 45}]
[11 13 13  9 13  9  9  0 20  5 29 25 25  1  1  1 26 26 26 11 10  9  9  9
 14 27 24 27 22 24 14 28 28 15 10 18  0 16 11 18 19 19 19 20 20 11  4  7]
[0 0 0 0 0 0 0 0 0 0 0 0 0 0 0 0 0 0 0 0 0 0 0 0 0 0 0 0 0 0 0 0 0 0 0 0 0
 0 0 0 0 0 0 0 0 0 0 7]
21 [{'word': 'alright', 'start': 0, 'end': 47}]
[ 8 27 18 28 28 27 18  0 15 15  1 28 15  0 15  7  7  7  7  7 28 15 14  2
  8  7 22 14  8 27 10 10 25  4  6  6  4 20 20 20]
[ 0  0  0  0  0  0  0  0  0  0  0  0  0  0  0  7  7  7  7  7  0  0  0  0
  0  0  0  0  0  0  0  0  0  0  0  0  0 20 20 20]
21 [{'word': 'alright', 'start': 0, 'end': 37}, {'word': 'children', 'start': 37, 'end': 39}]
[23 23 10 23  0 11 11 11 11 11 11 11 11 11 11 11 11 11 11 11 11 11 11 11
 11 11 11 11 11 11 11 11 11 11 26 11 11 26 26]
[ 0  0  0  0  0 11 11 11 11 11 11 11 11 11 11 11 11 11 11 11 11 11 11 11
 11 11 11 11 11 11 11 11 11 11  0  0  0 26 26]
21 [{'word': 'one', 'start': 0, 'end': 37}, {'word': 'winter', 'start': 37, 'end': 38}]
[ 4  4 14  1 13  2  0  6  4 13 21 29 29 16  4  4  4 16 20  0 13 13 13 13
  9 14 14 14  7 20 12 14 26 17 21 21 11 26 26 11  2 11 16 16 27 16  9  9
 26 20 20 20 20 20 20 20 20 20 20 20]
[ 0  0  0  0  0  0  0  0  0  0  0  0  0  0  0  0  0  0  0  0 13 13 13 13
  0  0  0  0  0  0  0  0  0  0  0  0  0  0  0  0  0  0  0  0  0  0  0  0
  0 20 20 20 20 20 20 20 20 20 20 20]
21 [{'word': 'i', 'start': 0, 'end': 49}, {'word': 'children', 'start': 49, 'end': 59}]
[ 8  8  8  8  8  8  8  8  8  8  8  8  8  8  8  8  8  8  8  8  8  8  8  8
  8  5 23 17 23 24 29 28  7  9  9 25 25 25 25 25  9  9 25  8 23  9  9  9
  9  9  9  9  9 14 24 22 22 23 22 16 16 22 22 25 25]
[ 8  8  8  8  8  8  8  8  8  8  8  8  8  8  8  8  8  8  8  8  8  8  8  8
  8  0  0  0  0  0  0  0  0  0  0 25 25 25 25 25  0  0  0  0  0  9  9  9
  9  9  9  9  9  0  0  0  0  0  0  0  0  0  0 25 25]
21 [{'word': 'but', 'start': 0, 'end': 35}, {'word': 'laugh', 'start': 35, 'end': 45}, {'word': 'good', 'start': 45, 'end': 63}, {'word': 'laugh', 'start': 63, 'end': 64}]
